-2664,4179,14,13,0
-730,3209,0,13,0
-3563,-1479,0,13,0
-3173,-7810,0,13,0
-1525,-7916,120,14,0
-2596,4393,11,1,0
-2596,4393,11,1,0
-2596,4393,11,1,0
-2173,4539,6,1,0
-2173,4539,6,1,0
-1763,4697,12,1,0
-1555,4928,11,1,0
-1452,5130,12,1,0
-1331,5257,10,1,0
-1148,5403,11,1,0
-949,5565,12,1,0
-223,5766,11,1,0
-55,5818,15,1,0
-79,5914,10,1,0
73,5813,8,1,0
166,5853,9,1,0
308,5826,6,1,0
500,5861,12,1,0
500,5861,12,1,0
805,6163,14,1,0
805,6163,14,1,0
879,6024,12,1,0
929,5978,13,1,0
929,5978,13,1,0
713,5860,13,1,0
544,5869,9,1,0
662,5720,12,1,0
805,5646,13,1,0
1006,5602,12,1,0
1122,5616,10,1,0
1122,5616,10,1,0
1177,5609,12,1,0
1240,5569,11,1,0
1230,5503,12,1,0
1215,5398,13,1,0
1304,5351,13,1,0
1712,5340,13,1,0
-213,-1358,12,6,1
-177,-1357,13,6,0
-142,-1332,13,6,0
-128,-1149,12,6,0
-140,-999,13,6,0
-193,-937,13,6,0
-249,-920,12,6,0
-275,-865,11,6,0
-262,-847,10,6,0
-235,-807,13,6,0
-230,-757,12,6,0
-250,-710,13,6,0
-273,-630,16,6,0
-365,-733,52,6,0
-350,-827,48,6,0
-373,-849,39,6,0
-432,-894,115,6,0
-428,-999,148,6,-1
589,-2059,16,6,1
589,-2059,16,6,0
553,-2156,17,6,0
606,-2256,14,6,0
713,-2247,13,6,0
729,-2127,14,6,0
679,-2069,30,6,-1
1133,-3012,12,6,1
890,-3153,14,6,0
1354,-4777,12,6,0
1458,-4637,7,6,0
1458,-4637,7,6,-1
-37,3069,74,2,1
-37,3069,74,2,0
-37,3069,74,2,0
-171,3186,74,2,0
-285,3245,74,2,0
-617,3335,74,2,0
-684,3269,74,2,0
-591,3243,74,2,0
-411,3187,73,2,0
-272,3123,74,2,0
-142,3025,74,2,0
-54,2895,75,2,-1
-136,-2562,0,7,0
-581,-2572,70,7,0
-817,-2541,81,7,0
-1054,-2406,121,7,0
-1410,-2278,124,7,0
-1689,-2301,124,7,0
-2107,-2329,124,7,0
-2342,-2249,125,7,0
-2342,-2249,125,7,0
-2411,-2099,141,7,0
-2447,-1833,157,7,0
-2544,-1826,156,7,0
-2692,-1831,155,7,0
-2777,-1800,152,7,0
-2544,-1826,156,7,0
-2447,-1833,157,7,0
-2342,-2249,125,7,0
-2107,-2329,124,7,0
-1689,-2301,124,7,0
-1935,-2397,123,7,0
-1957,-2653,63,7,0
-1985,-2860,30,7,0
-2025,-3163,30,7,0
-2034,-3241,32,7,0
-2050,-3321,35,7,0
-2067,-3522,34,7,0
-1827,-4384,61,2,1
-766,-4382,61,2,0
-773,-4452,61,2,0
-1749,-4453,61,2,-1
-873,-4380,61,2,1
-651,-4378,60,2,0
-376,-4349,61,2,0
-181,-4316,61,2,0
25,-4245,60,2,0
60,-4156,61,2,0
156,-4055,61,2,0
345,-4168,60,2,0
345,-4168,60,2,0
-487,-4438,61,2,0
-620,-4446,60,2,0
-728,-4453,60,2,0
-852,-4454,61,2,-1
-4088,-4725,153,6,1
-4032,-4676,153,6,0
-3998,-4537,154,6,0
-3874,-4418,154,6,0
-3780,-4340,154,6,0
-3795,-4291,154,6,0
-3855,-4255,154,6,0
-3905,-4248,154,6,0
-4030,-4296,154,6,0
-4058,-4366,154,6,0
-4087,-4368,153,6,0
-4190,-4359,152,6,0
-4258,-4398,153,6,0
-4255,-4464,153,6,0
-4231,-4506,156,6,-1
-3076,-3868,28,6,1
-3166,-3779,26,6,0
-3256,-3670,15,6,0
-3464,-3570,19,6,0
-3180,-3462,14,6,0
-3118,-3601,13,6,0
-3030,-3726,12,6,0
-2932,-3787,11,6,-1
-2067,-3514,39,7,0
-1999,-3953,56,7,0
-1952,-4247,58,7,0
-1855,-4368,61,7,0
-1844,-4353,61,2,1
-1755,-4351,61,2,0
-1756,-4508,60,2,0
-1959,-4510,60,2,0
-1970,-4315,61,2,-1
-2051,-4134,15,6,1
-2251,-4146,17,6,0
-2396,-4123,16,6,0
-2623,-4027,14,6,0
-2905,-3920,20,6,0
-3090,-3844,26,6,0
-3090,-3844,26,6,0
-3090,-3844,26,6,0
-2633,-3837,23,6,0
-2358,-3954,15,6,0
-2058,-3982,55,6,-1
-1960,-3956,35,6,1
-1644,-4007,11,6,0
-1382,-4076,12,6,0
-902,-3838,15,6,0
-744,-3756,27,6,0
-698,-3669,19,6,0
-609,-3847,11,6,0
-895,-3981,11,6,0
-1018,-4005,12,6,0
-1033,-4091,14,6,0
-1046,-4192,9,6,0
-1340,-4180,10,6,0
-1532,-4194,10,6,0
-1644,-4136,11,6,0
-1841,-4127,11,6,0
-1935,-4121,14,6,-1
-757,-3563,10,6,1
-829,-3516,19,6,0
-770,-3364,13,6,0
-430,-3465,14,6,0
-266,-3426,72,6,-1
-220,-3448,76,6,1
-261,-3619,42,6,0
-365,-3764,12,6,0
-454,-3719,11,6,0
-747,-3892,11,6,-1
66,-4151,61,2,1
-14,-4087,63,2,0
-119,-3990,70,2,0
-174,-3907,72,2,0
-214,-3769,74,2,0
-218,-3612,75,2,0
-218,-3435,75,2,0
-215,-3347,73,2,0
-209,-3246,73,2,0
-76,-3221,74,2,0
-78,-3424,75,2,0
-74,-3528,79,2,0
-79,-3688,74,2,0
-79,-3688,74,2,0
-57,-3860,73,2,0
2,-3936,72,2,0
158,-4057,60,2,-1
-1344,-1346,191,7,0
-1088,-791,191,7,0
-1081,-730,190,7,0
-1025,-689,190,7,0
-992,-780,191,7,0
-992,-659,191,7,0
-1009,-612,190,7,0
-1025,-485,190,7,0
-1029,-365,190,7,0
-1003,-263,190,7,0
-912,-200,190,7,0
-892,-116,190,7,0
-889,-44,190,7,0
-882,87,189,7,0
-868,210,185,7,0
-846,312,180,7,0
-822,404,173,7,0
-781,522,164,7,0
-667,626,143,7,0
-579,634,132,7,0
-452,573,120,7,0
-401,458,113,7,0
-405,364,110,7,0
-413,268,108,7,0
-439,95,102,7,0
-442,-5,99,7,0
-417,-131,94,7,0
-349,-227,90,7,0
-230,-257,85,7,0
-112,-206,79,7,0
37,-114,0,7,0
27,-274,74,2,1
39,133,74,2,0
45,213,74,2,0
46,377,74,2,0
49,576,73,2,0
49,770,74,2,0
179,844,74,2,0
182,717,74,2,0
177,379,74,2,0
176,199,74,2,0
173,29,74,2,0
174,-138,74,2,0
162,-279,73,2,-1
162,-279,73,2,1
124,-1019,74,2,0
-9,-1146,74,2,0
16,-736,73,2,0
25,-251,75,2,-1
132,-1004,74,2,1
78,-1776,74,2,0
27,-2244,74,2,0
-8,-2576,74,2,0
-18,-2684,74,2,0
-151,-2666,74,2,0
-91,-2137,74,2,0
-59,-1805,74,2,0
-43,-1649,74,2,0
-37,-1594,74,2,0
-22,-1389,73,2,0
-2,-1093,74,2,-1
-134,-2552,74,2,1
-206,-3240,74,2,0
-218,-3399,74,2,0
-77,-3400,74,2,0
-71,-3177,74,2,0
-31,-2822,74,2,0
-9,-2589,74,2,-1
-19,-2723,74,7,0
35,-2719,75,7,0
173,-2700,76,7,0
466,-2647,82,7,0
664,-2613,86,7,0
852,-2551,88,7,0
964,-2426,88,7,0
969,-2224,87,7,0
965,-2121,88,7,0
1001,-2104,88,2,1
1001,-2104,88,2,0
1001,-2104,88,2,0
885,-1975,88,2,-1
929,-2101,88,2,1
1102,-2103,88,2,0
1092,-1949,88,2,0
859,-1964,88,2,-1
859,-1964,88,7,0
776,-1825,88,7,0
747,-1695,87,7,0
765,-1482,88,7,0
765,-1482,88,7,0
896,-1295,88,2,1
1027,-1302,88,2,0
1016,-1433,88,2,0
895,-1431,87,2,-1
773,-1462,88,7,0
773,-1462,88,7,0
911,-1384,88,7,0
783,-1447,88,7,0
755,-1586,87,7,0
1288,-2074,12,1,1
1281,-2308,12,1,0
1260,-2575,13,1,-1
755,-1786,88,7,0
1094,-3027,15,6,1
701,-3232,13,6,0
741,-3276,13,6,0
743,-3213,15,6,0
760,-3269,13,6,0
484,-3308,13,6,0
167,-3327,12,6,0
43,-3434,15,6,0
81,-3620,15,6,0
372,-3704,14,6,0
591,-3731,16,6,0
803,-3823,15,6,0
944,-3928,13,6,-1
944,-3917,0,6,1
997,-3426,0,6,0
1162,-4085,0,6,-1
1264,-2575,0,1,0
1234,-2746,0,1,0
1208,-2885,0,1,0
-2548,-1785,159,3,0
-2391,-1783,157,3,0
-2392,-1578,163,3,0
-2524,-1704,161,4,1
-2483,-1704,161,4,0
-2483,-1679,169,4,0
-2463,-1680,161,4,0
-2464,-1601,162,4,0
-2605,-1600,160,4,0
-2604,-1681,162,4,0
-2528,-1679,167,4,-1
-2598,-1773,160,4,1
-2591,-1746,157,4,0
-2546,-1748,157,4,0
-2555,-1776,160,4,-1
-2595,-1784,159,3,0
-2710,-1789,156,3,0
-2712,-1660,160,3,0
-2845,-1656,156,10,1
-2844,-1609,159,10,0
-2867,-1582,165,10,0
-2944,-1573,140,10,0
-2983,-1665,125,10,0
-2958,-1679,128,10,0
-2944,-1708,132,10,0
-2897,-1706,148,10,0
-2854,-1681,155,10,-1
-2711,-1618,159,3,0
-2692,-1538,159,3,0
-2551,-1544,163,3,0
-2650,-1888,156,4,1
-2701,-1890,157,4,0
-2699,-1984,152,4,0
-2647,-1983,168,4,-1
-2778,-1904,153,3,0
-2778,-2108,153,3,0
-2721,-1891,158,4,1
-2771,-1888,151,4,0
-2768,-1924,153,4,0
-2725,-1927,154,4,-1
-2649,-1890,155,3,0
-2463,-1884,158,3,0
-2464,-2037,151,3,0
-2447,-2039,149,3,0
-2450,-2108,143,3,0
-2498,-2106,148,3,0
-2498,-2106,148,4,1
-2498,-2106,148,4,0
-2603,-2107,152,4,0
-2604,-1996,152,4,0
-2525,-1997,154,4,0
-2526,-2037,155,4,0
-2497,-2037,156,4,-1
-2497,-2037,156,3,0
-2465,-2040,159,3,0
-2619,-2193,147,10,1
-2676,-2153,152,10,0
-2694,-2137,156,10,0
-2749,-2118,154,10,0
-2771,-2104,153,10,0
-2807,-2114,155,10,0
-2848,-2174,119,10,0
-2820,-2223,69,10,0
-2760,-2252,58,10,-1
-2960,-2403,16,6,1
-2842,-2436,27,6,0
-2807,-2429,15,6,0
-2783,-2356,27,6,0
-2765,-2298,20,6,0
-2627,-2324,122,6,0
-2537,-2401,131,6,0
-2544,-2455,62,6,0
-2532,-2553,28,6,0
-2407,-2742,11,6,0
-2374,-2799,17,6,0
-2429,-2855,11,6,0
-2480,-2853,12,6,0
-2575,-2826,11,6,0
-2732,-2763,6,6,0
-2782,-2728,10,6,0
-2753,-2609,16,6,0
-2774,-2604,17,6,0
-2793,-2686,9,6,0
-2834,-2632,13,6,0
-2966,-2587,11,6,-1
-2967,-2586,11,6,1
-3067,-2511,32,6,0
-3109,-2496,33,6,0
-3146,-2529,12,6,0
-3320,-2588,10,6,0
-3523,-2605,10,6,0
-3634,-2635,11,6,0
-3660,-2474,18,6,0
-3524,-2423,12,6,0
-3488,-2386,12,6,0
-3393,-2359,104,6,0
-3184,-2363,14,6,0
-3076,-2389,14,6,0
-2979,-2382,11,6,0
-2910,-2406,17,6,0
-2871,-2437,18,6,-1
-2224,-2334,124,7,0
-2228,-2521,105,7,0
-2265,-2619,86,7,0
-2372,-2692,34,7,0
-2354,-2796,18,7,0
-2411,-2865,15,7,0
-2501,-2867,15,7,0
-2584,-2958,47,7,0
-2577,-3071,49,7,0
-2501,-3198,25,7,0
-2576,-3339,19,7,0
-2780,-3387,19,4,1
-2897,-3366,19,4,0
-2906,-3430,22,4,0
-2794,-3453,19,4,-1
-2765,-2608,17,7,0
-2853,-3010,19,7,0
-2820,-3223,16,7,0
-2740,-3296,19,7,0
-2550,-3344,20,7,0
-2050,-3434,39,7,0
-2208,-3304,41,3,0
-2220,-3395,29,3,0
-27,3040,74,2,1
-101,3785,74,2,0
-23,3767,71,2,0
39,3055,74,2,-1
-24,3798,72,2,1
-11,4530,73,2,0
-124,4516,74,2,0
-112,3697,73,2,-1
-17,4474,72,2,1
-77,4940,74,2,0
-121,5065,74,2,0
-176,5159,74,2,0
-296,5284,74,2,0
-433,5366,74,2,0
-523,5399,74,2,0
-601,5404,74,2,0
-611,5300,74,2,0
-511,5280,74,2,0
-420,5249,74,2,0
-352,5206,74,2,0
-270,5110,74,2,0
-202,4985,74,2,0
-157,4837,74,2,0
-131,4696,74,2,0
-123,4476,74,2,-1
-586,5398,74,2,1
-813,5364,74,2,0
-1008,5283,74,2,0
-1156,5159,74,2,0
-1283,5003,74,2,0
-1578,4536,74,2,0
-1500,4456,74,2,0
-1215,4887,74,2,0
-1133,5014,72,2,0
-1047,5130,71,2,0
-957,5203,74,2,0
-792,5277,74,2,0
-701,5301,74,2,0
-570,5295,74,2,-1
-1369,4670,74,7,0
-1305,4397,154,7,0
-1415,4291,199,7,0
-1525,4237,189,7,0
-1629,4031,235,7,0
-1430,4123,257,7,0
-1320,4175,278,7,0
-1204,4226,300,7,0
-1028,3949,326,7,0
-1190,3663,328,10,1
-1116,3706,327,10,0
-1011,3799,318,10,0
-1007,3838,314,10,0
-998,3897,323,10,0
-1034,3934,322,10,0
-1121,4016,313,10,0
-1146,4056,321,10,0
-1238,4167,301,10,0
-1251,4170,299,10,0
-1272,4192,294,10,0
-1299,4188,281,10,0
-1630,3964,249,10,0
-1792,3892,278,10,0
-1900,3842,302,10,0
-1912,3811,350,10,0
-1686,3853,338,10,0
-1518,3925,333,10,0
-1437,3987,334,10,0
-1352,3976,371,10,0
-1234,4118,412,10,0
-1058,3870,407,10,0
-1223,3809,392,10,0
-1216,3672,338,10,-1
-1590,4524,74,2,1
-1697,4431,74,2,0
-1851,4348,74,2,0
-1992,4281,74,2,0
-2203,4219,74,2,0
-2440,4238,74,2,0
-2660,4234,74,2,0
-2658,4129,74,2,0
-2147,4172,74,2,0
-1898,4221,74,2,0
-1750,4265,74,2,0
-1588,4374,74,2,0
-1491,4471,74,2,-1
-73,5308,63,10,1
-59,5202,54,10,0
9,5134,52,10,0
98,5013,58,10,0
172,5127,57,10,0
245,5234,38,10,0
249,5308,21,10,0
227,5358,21,10,0
135,5454,43,10,0
46,5428,51,10,0
-33,5461,55,10,-1
-26,4694,73,7,0
390,5000,41,7,0
578,5113,33,7,0
735,5168,31,7,0
912,5193,31,7,0
1109,5221,31,7,0
1095,5317,31,7,0
1100,5418,25,7,0
1299,5350,0,9,0
1268,5246,31,9,0
1269,5148,34,9,0
1245,5091,0,9,0
-1915,3811,350,2,0
-2690,3897,0,1,0
-1904,3814,0,1,0
-1814,3682,363,1,0
-1767,3532,374,1,0
-1659,3356,333,1,0
-1534,3275,286,1,0
-1451,3218,251,1,0
-1480,3132,248,1,0
-1670,3052,315,1,0
-1949,3200,445,1,0
-2043,3171,466,1,0
-2086,2967,466,1,0
-2025,2891,449,1,0
-2041,2618,488,1,0
-2017,2406,497,1,0
-1901,2210,426,1,0
-1770,1843,388,1,0
-1667,1718,362,1,0
-1610,1518,381,1,0
-1555,1338,403,1,0
-1576,1077,447,1,0
-1548,947,412,1,0
-1530,852,413,1,0
-1515,827,416,1,0
-1504,918,414,4,1
-1462,920,413,4,0
-1469,1041,413,4,0
-1514,1043,413,4,-1
-1514,1043,413,3,0
-1564,1043,429,3,0
-1504,920,414,8,0
-1502,803,415,8,0
-1440,697,415,8,0
-1309,695,414,8,0
-1301,756,413,8,0
-1297,699,426,8,0
-1273,699,420,8,0
-1242,728,425,8,0
-1242,728,425,4,1
-1326,816,413,4,0
-1270,870,413,4,0
-1266,936,413,4,0
-1256,939,415,4,0
-1254,963,415,4,0
-1268,963,412,4,0
-1266,1001,413,4,0
-1318,1003,419,4,0
-1312,1110,401,4,0
-1146,1126,381,4,0
-991,1031,346,4,0
-993,898,346,4,0
-1023,794,346,4,0
-1106,729,380,4,0
-1204,748,381,4,0
-1235,722,411,4,-1
-794,1066,280,8,0
-609,1067,285,8,0
-596,1372,281,8,0
-801,1370,283,8,0
-800,1334,281,8,0
-789,1457,283,4,1
-787,1511,283,4,0
-687,1508,283,4,0
-689,1458,283,4,-1
-801,1296,280,8,0
-802,1105,288,8,0
-1037,1082,346,7,0
-781,1082,283,7,0
-1460,663,442,1,0
-1481,464,441,1,0
-1409,435,405,1,0
-1400,348,446,1,0
-1386,190,366,1,0
-1489,201,399,1,0
-1593,113,389,1,0
-1677,-24,353,1,0
-1670,-166,330,1,0
-1656,-410,332,1,0
-1812,-584,380,1,0
-1845,-839,380,1,0
-1834,-1007,411,1,0
-1814,-1270,361,1,0
-1804,-1402,334,1,0
-1809,-1530,305,1,0
-1880,-1640,310,1,0
-2068,-1563,310,1,0
-2246,-1583,247,1,0
-2307,-1615,193,1,0
-2392,-1578,163,1,0
-2456,-1464,230,1,0
-2640,-1287,265,1,0
-2638,-1036,242,1,0
-2759,-1068,259,1,0
-3022,-1171,206,1,0
-3117,-1237,192,1,0
-3158,-1381,175,1,0
-3292,-1291,93,1,0
-3882,-1677,94,1,0
-3968,-1892,126,1,0
-4227,-2261,227,1,0
-4317,-2241,243,1,0
-4328,-2167,242,1,0
-4434,-2207,246,1,0
-4974,-2355,268,1,0
-4974,-2355,268,10,1
-4572,-2641,265,10,0
-4420,-2734,258,10,0
-4524,-2868,286,10,0
-4680,-2940,332,10,0
-4637,-3117,322,10,0
-4539,-3282,291,10,0
-4587,-3407,317,10,0
-4546,-3514,318,10,0
-4678,-3922,345,10,0
-4533,-3992,312,10,-1
-4547,-4140,301,1,0
-4479,-4231,285,1,0
-4343,-4435,252,1,0
-4308,-4647,214,1,0
-4256,-4816,232,1,0
-4272,-4950,261,1,0
-4155,-5164,334,1,0
-4006,-5320,316,1,0
-3734,-5592,393,1,0
-3676,-5709,283,1,0
-3676,-5709,283,6,1
-3544,-5903,276,6,0
-3642,-6060,277,6,0
-3805,-6251,280,6,0
-3474,-6707,280,6,0
-3384,-6914,283,6,-1
-3452,-5989,276,6,1
-3303,-6026,280,6,0
-3286,-6096,276,6,0
-3342,-6282,278,6,0
-3296,-6318,279,6,0
-3229,-6215,279,6,0
-3137,-6219,279,6,0
-3193,-6399,278,6,0
-3217,-6572,280,6,0
-3350,-6649,279,6,0
-3470,-6483,279,6,0
-3631,-6294,280,6,0
-3621,-6139,277,6,-1
-3383,-6915,283,1,0
-3271,-6881,309,1,0
-3180,-6928,279,1,0
-3053,-7045,236,1,0
-2963,-7128,233,1,0
-2960,-7222,188,1,0
-2961,-7306,190,1,0
-2926,-7443,214,1,0
-3018,-7550,192,1,0
-3170,-7558,200,1,0
228,-1306,75,7,0
402,-1164,35,7,0
792,-959,17,7,0
971,-744,24,7,0
1268,-493,18,7,0
541,359,106,11,0
501,147,126,11,0
453,65,137,11,0
404,52,110,11,0
459,-93,178,11,0
407,-200,162,11,0
368,-256,128,11,0
296,-316,87,11,0
341,-344,107,11,0
547,-987,34,11,0
804,-867,41,11,0
920,-787,24,11,0
905,-653,32,11,0
938,-513,23,11,0
1000,-402,64,11,0
1183,-367,39,11,0
182,881,74,2,1
182,1213,74,2,0
167,1678,74,2,0
163,1794,74,2,0
4,1775,74,2,0
41,1190,74,2,0
57,700,74,2,0
56,680,74,2,-1
13,1501,74,7,0
-248,1856,79,7,0
-309,2044,82,7,0
-373,2524,88,7,0
-398,2642,91,7,0
-438,2740,96,7,0
-502,2815,103,7,0
-543,2825,107,7,0
-611,2838,115,7,0
-683,2819,122,7,0
-738,2767,128,7,0
-767,2697,133,7,0
-762,2598,136,7,0
-720,2269,150,7,0
-726,2087,159,7,0
-758,1953,167,7,0
-859,1853,184,7,0
-966,1838,200,7,0
-1088,1907,219,7,0
-1133,1978,229,7,0
-1171,2174,247,7,0
-1184,2360,262,7,0
-1210,2542,282,7,0
-1256,2591,291,7,0
-1318,2623,302,7,0
-1386,2620,311,7,0
-1457,2587,322,7,0
-1513,2512,331,7,0
-1511,2409,336,7,0
-1413,1789,364,7,0
-1392,1329,399,7,0
-1392,1018,413,7,0
-1311,1236,393,4,1
-1310,1347,382,4,0
-1231,1349,383,4,0
-1237,1234,376,4,-1
163,1794,74,2,1
88,2685,74,2,0
61,2843,75,2,0
43,3032,74,2,0
-34,3101,74,2,0
-37,3067,74,2,0
-154,3036,74,2,0
-54,2871,74,2,0
-20,2754,74,2,0
-3,2575,74,2,0
6,2085,74,2,0
4,1778,74,2,-1
1027,2837,54,7,0
1243,2855,44,7,0
1258,2681,60,4,1
1384,2690,44,4,0
1354,3031,14,4,0
1232,3025,29,4,-1
1656,2275,21,7,0
1232,3047,12,10,1
1232,3047,12,6,1
1230,3214,13,6,0
1244,3373,13,6,0
1236,3399,13,6,0
1204,3438,13,6,0
1201,3510,13,6,0
1229,3567,13,6,0
1279,3596,12,6,0
1359,3610,13,6,0
1450,3602,13,6,0
1524,3553,13,6,0
1578,3484,13,6,0
1604,3393,13,6,0
1591,3352,13,6,0
1608,3286,13,6,0
1728,3316,11,6,0
1680,3487,22,6,0
1588,3605,9,6,0
1492,3731,13,6,0
1415,3753,13,6,0
1396,3711,13,6,0
1318,3710,13,6,0
1318,3710,13,6,0
1235,3697,13,6,0
1176,3684,14,6,0
1100,3716,13,6,0
1018,3787,13,6,0
1007,3780,13,6,0
1071,3672,13,6,0
1111,3598,13,6,0
1137,3534,13,6,0
1158,3452,13,6,0
1163,3401,13,6,0
1155,3323,12,6,0
1140,3309,12,6,0
1114,3291,13,6,0
1092,3265,12,6,0
1094,3227,13,6,0
1177,3017,13,6,-1
1599,3269,14,7,0
1764,3335,14,7,0
1571,3111,12,6,0
1603,3217,14,6,0
1643,3273,17,6,0
1747,3292,13,6,0
1784,3363,11,6,0
1756,3483,12,6,0
1658,3773,12,6,0
1529,3934,13,6,0
1430,4048,13,6,0
1430,4048,13,6,1
1430,4048,13,6,0
1408,3975,13,6,0
1326,4009,11,6,0
1251,4084,13,6,0
1219,4104,12,6,0
1211,4142,12,6,0
1179,4188,13,6,0
1149,4206,13,6,0
1128,4224,12,6,0
1116,4256,12,6,0
1111,4288,11,6,0
1108,4361,12,6,0
1073,4498,12,6,0
1073,4603,12,6,0
1073,4622,11,6,0
1150,4643,13,6,-1
1150,4643,13,6,0
1150,4643,13,6,0
1071,4687,11,6,0
1087,4790,12,6,0
1144,4877,14,6,0
1125,4960,14,11,0
888,4675,18,4,1
855,4687,17,4,0
874,4749,20,4,0
908,4739,18,4,-1
867,4659,19,4,1
842,4565,20,4,0
910,4547,21,4,0
915,4569,22,4,0
941,4558,19,4,0
957,4616,18,4,0
930,4625,23,4,0
934,4643,18,4,-1
808,4548,18,4,1
812,4563,17,4,0
826,4562,17,4,0
826,4543,20,4,-1
1006,4175,13,6,1
978,4291,13,6,0
911,4400,13,6,0
885,4411,13,6,0
873,4390,13,6,0
868,4375,13,6,0
891,4331,13,6,0
892,4252,14,6,0
915,4144,14,6,0
961,4127,17,6,0
983,4142,11,6,-1
877,3602,13,6,1
861,3544,14,6,1
900,3470,14,6,0
951,3412,20,6,0
1000,3403,13,6,0
1048,3411,14,6,0
1051,3430,14,6,0
1019,3456,13,6,0
951,3546,13,6,0
928,3565,13,6,-1
1368,3050,14,6,1
1396,3077,13,6,0
1455,3013,13,6,0
1441,2962,13,6,0
1431,2950,13,6,0
1423,2922,12,6,0
1503,2885,13,6,0
1527,2843,13,6,0
1539,2719,13,6,0
1485,2628,13,6,0
1431,2609,13,6,0
1369,2556,13,6,0
1341,2561,13,6,0
1327,2613,13,6,0
1366,2723,15,6,0
1387,2769,14,6,-1
1576,3133,11,6,0
1585,2972,9,6,0
1636,2877,8,6,0
1647,2785,10,6,0
1691,2653,11,6,0
1690,2572,12,6,0
1679,2445,12,6,0
1677,2322,11,6,0
1664,2083,11,6,0
1675,1901,12,6,0
1687,1798,9,6,0
1688,1743,16,6,0
1688,1672,11,6,0
1646,1626,12,6,0
1554,1522,10,6,0
1441,1397,11,6,0
1361,1212,11,6,0
1319,1021,10,6,0
1304,819,10,6,0
1348,682,11,6,0
1397,573,12,6,0
1417,482,11,6,0
1448,389,13,6,0
1489,290,11,6,0
1516,204,12,6,0
1525,98,11,6,0
1528,-145,13,6,0
1482,-333,11,6,0
1429,-439,11,6,0
1426,-598,11,6,0
1430,-700,10,6,0
1417,-792,12,6,0
1419,-885,11,6,0
1405,-1094,12,6,0
1382,-1250,11,6,0
1486,-1280,17,4,1
1362,-1281,18,4,0
1362,-1397,18,4,0
1482,-1397,20,4,-1
1353,-1273,18,7,0
1327,-1279,18,7,0
1292,-1586,17,7,0
1650,-1630,17,7,0
1292,-1586,18,7,0
1265,-1839,18,7,0
1295,-1829,18,7,0
1295,-1843,18,4,1
1295,-1843,18,4,0
1295,-1843,18,4,0
1287,-1958,18,4,0
1413,-1965,18,4,0
1422,-1853,18,4,-1
1298,-1911,47,7,0
1155,-1906,54,7,0
1084,-1925,81,7,0
1069,-1964,88,7,0
1290,-1965,12,6,0
1282,-2288,12,6,0
1216,-2868,13,6,0
1176,-2982,13,6,0
1065,-3059,11,6,0
65,-3350,15,7,0
46,-3438,13,7,0
11,-3511,17,7,0
59,-3621,17,7,0
187,-4024,61,9,0
363,-4136,61,9,0
464,-4206,61,9,0
471,-4466,61,8,0
466,-4555,65,8,0
498,-4521,65,9,0
611,-4674,61,9,0
579,-4924,62,9,0
482,-4429,61,2,1
562,-4519,61,2,0
636,-4695,61,2,0
639,-4892,61,2,0
477,-5113,61,2,0
354,-5254,61,2,0
358,-5353,61,2,0
290,-5356,63,2,0
304,-5869,61,2,0
559,-5862,61,2,0
556,-5349,63,2,0
408,-5347,61,2,0
410,-5272,61,2,0
422,-5254,61,2,0
560,-5109,61,2,0
590,-5094,61,2,0
638,-5089,61,2,0
638,-5089,61,2,0
847,-5116,61,2,0
829,-4836,61,2,0
773,-4599,61,2,0
669,-4429,61,2,0
502,-4268,61,2,-1
295,-4576,61,8,0
288,-5176,61,8,0
290,-5844,63,8,0
266,-5878,61,4,1
269,-6591,61,4,0
579,-6589,61,4,0
578,-5880,61,4,-1
261,-2391,73,4,1
228,-2393,74,4,0
233,-2462,74,4,0
266,-2457,74,4,-1
208,-2474,74,4,1
201,-2445,74,4,0
134,-2455,74,4,0
139,-2486,74,4,-1
84,-2504,74,8,0
284,-2468,72,8,0
304,-2236,74,8,0
-314,-2564,72,2,1
-347,-2964,71,2,0
-462,-2958,71,2,0
-467,-2867,71,2,0
-566,-2863,71,2,0
-546,-2580,71,2,-1
-561,-2703,70,4,1
-595,-2703,71,4,0
-593,-2804,71,4,0
-567,-2811,71,4,-1
-617,-2873,71,4,1
-614,-2988,71,4,0
-480,-2986,71,4,0
-480,-2875,71,4,-1
-690,-2989,72,4,1
-803,-2983,72,4,0
-800,-2881,71,4,0
-816,-2881,71,4,0
-809,-2841,75,4,0
-797,-2840,83,4,0
-794,-2735,72,4,0
-681,-2740,71,4,-1
-681,-2740,71,8,0
-682,-2588,71,8,0
-910,-2761,75,4,1
-991,-2754,77,4,0
-990,-2714,83,4,0
-908,-2719,76,4,-1
-688,-2540,71,8,0
-689,-2412,64,8,0
-680,-2518,71,4,1
-649,-2520,72,4,0
-648,-2451,71,4,0
-681,-2450,72,4,-1
-790,-2595,75,3,0
-714,-2599,71,3,0
-637,-3063,70,8,0
-480,-3061,71,8,0
-480,-2985,71,8,0
-1015,-2846,74,4,1
-978,-2854,72,4,0
-985,-2919,77,4,0
-1021,-2910,73,4,-1
-917,-2964,77,8,0
-887,-2997,78,8,0
-1050,-2757,79,4,1
-1047,-2673,82,4,0
-1132,-2670,80,4,0
-1130,-2752,78,4,-1
-859,-2984,73,8,0
-798,-2988,71,8,0
-717,-3366,22,7,0
-807,-3562,16,7,0
-830,-3487,6,6,1
-1127,-3471,11,6,0
-1345,-3295,12,6,0
-1385,-3242,11,6,0
-1399,-3180,12,6,0
-1318,-3082,9,6,0
-1086,-3172,27,6,0
-952,-3260,12,6,0
-829,-3331,12,6,-1
-829,-3331,12,6,1
-775,-3404,9,6,0
-883,-3514,12,6,-1
-1370,-3078,15,7,0
-1435,-3250,15,7,0
-1465,-3172,12,6,1
-1506,-3198,12,6,0
-1559,-3183,11,6,0
-1731,-3167,12,6,0
-1983,-3081,15,6,0
-1958,-2938,12,6,0
-1848,-2954,13,6,0
-1715,-2986,12,6,0
-1639,-2970,13,6,0
-1538,-3010,12,6,0
-1502,-3043,15,6,-1
-2028,-2910,12,6,1
-2214,-2862,24,6,0
-2292,-2811,10,6,0
-2357,-2812,13,6,0
-2405,-2914,11,6,0
-2251,-3009,11,6,0
-2050,-3064,30,6,-1
-1663,-3988,13,7,0
-1682,-4170,17,7,0
-1518,-4508,61,8,0
-1480,-4479,62,8,0
-930,-4480,61,8,0
-660,-4481,61,8,0
-625,-4481,61,8,0
-127,-4480,60,8,0
-117,-4478,61,8,0
-57,-4480,61,8,0
-52,-4490,61,8,0
-21,-4490,61,8,0
5,-4452,61,8,0
47,-4448,61,8,0
88,-4445,61,8,0
106,-4437,61,8,0
337,-4429,64,8,0
404,-4462,62,8,0
456,-4549,87,8,0
390,-4561,77,8,0
323,-4571,60,8,0
24,-4805,39,4,1
20,-4722,36,4,0
-26,-4725,31,4,0
-28,-4804,31,4,-1
-23,-4876,32,3,0
-60,-4804,32,3,0
-133,-4744,32,3,0
-215,-4721,32,3,0
-323,-4737,32,3,0
-412,-4805,32,3,0
-455,-4901,32,3,0
-460,-4949,32,3,0
-450,-5007,32,3,0
-423,-5066,32,3,0
-377,-5116,32,3,0
-319,-5150,35,3,0
-244,-5167,32,3,0
-169,-5156,32,3,0
-104,-5123,32,3,0
-67,-5089,33,3,0
-29,-5030,32,3,0
-14,-4969,32,3,0
-13,-4917,32,3,0
-28,-4860,32,3,0
-41,-5282,31,4,1
-41,-5364,31,4,0
7,-5368,31,4,0
7,-5281,31,4,-1
-341,-5363,32,3,0
-391,-5402,32,3,0
-433,-5465,32,3,0
-449,-5517,32,3,0
-451,-5583,32,3,0
-429,-5655,32,3,0
-395,-5705,32,3,0
-356,-5740,32,3,0
-286,-5772,32,3,0
-177,-5773,32,3,0
-94,-5734,32,3,0
-32,-5661,32,3,0
-6,-5575,32,3,0
-13,-5498,32,3,0
-42,-5433,32,3,0
-93,-5378,32,3,0
-160,-5342,32,3,0
-248,-5333,32,3,0
-225,-5332,32,3,0
-357,-5372,32,3,0
-510,-5252,31,4,1
-421,-5254,31,4,0
-424,-5167,31,4,0
-512,-5166,31,4,-1
-953,-5185,34,3,0
-853,-5156,34,3,0
-781,-5089,34,3,0
-743,-4996,34,3,0
-741,-4945,34,3,0
-652,-5797,31,8,0
-847,-5800,31,8,0
-951,-5752,34,3,0
-1072,-5726,34,3,0
-1153,-5654,34,3,0
-1189,-5560,34,3,0
-1172,-5441,34,3,0
-1075,-5333,34,3,0
-1020,-5312,34,3,0
-974,-5305,34,3,0
-849,-5341,34,3,0
-766,-5434,34,3,0
-748,-5570,34,3,0
-798,-5674,34,3,0
-874,-5732,34,3,0
-880,-5796,32,8,0
-1176,-5797,31,8,0
-1193,-5793,31,8,0
-1305,-5793,31,8,0
-1320,-5798,31,8,0
-1383,-5797,31,8,0
-1017,-5185,31,3,0
-1128,-5112,34,3,0
-1183,-5002,34,3,0
-1172,-4882,34,3,0
-1085,-4774,34,3,0
-947,-4739,34,3,0
-958,-111,190,4,1
-1003,-34,190,4,0
-1271,-191,190,4,0
-1222,-265,190,4,-1
-889,-475,190,4,1
-888,-548,190,4,0
-911,-545,190,4,0
-912,-627,190,4,0
-900,-628,190,4,0
-901,-715,193,4,0
-911,-726,197,4,0
-909,-772,197,4,0
-903,-778,195,4,0
-901,-866,190,4,0
-913,-867,191,4,0
-914,-946,191,4,0
-896,-947,189,4,0
-896,-994,190,4,0
-708,-990,190,4,0
-712,-499,190,4,0
-802,-496,190,4,0
-804,-471,190,4,-1
-831,25,189,3,0
-835,-220,190,3,0
-655,-226,190,3,0
-648,-1036,198,3,0
-683,-1301,220,4,1
-643,-1302,212,4,1
-644,-1282,213,4,0
-572,-1279,207,4,0
-574,-1387,207,4,0
-640,-1386,207,4,0
-647,-1372,209,4,0
-694,-1369,207,4,0
-693,-1305,207,4,-1
-1145,-1315,191,4,1
-1256,-1253,191,4,0
-1319,-1367,191,4,0
-1210,-1433,192,4,-1
-1170,-2489,125,8,0
-1178,-2368,132,8,0
-1275,-2333,124,8,0
-1635,-2334,124,8,0
-1637,-2439,125,8,0
-1475,-2434,131,4,1
-1474,-2416,125,4,0
-1414,-2417,125,4,0
-1414,-2513,125,4,0
-1514,-2516,124,4,-1
-1639,-2452,125,8,0
-1634,-2556,125,8,0
-1360,-2572,125,8,0
-1232,-2565,125,8,0
-1182,-2560,125,8,0
-1180,-2523,124,8,0
-1171,-2511,124,8,0
-1365,-2564,124,4,1
-1367,-2515,125,4,0
-1235,-2521,124,4,0
-1234,-2567,125,4,-1
-1510,-2515,124,4,1
-1510,-2434,124,4,0
-1475,-2436,131,4,-1
-1269,-2065,126,8,0
-1269,-2253,125,8,0
-1552,-2256,125,8,0
-1418,-2220,127,4,1
-1314,-2222,127,4,0
-1314,-2105,130,4,0
-1416,-2107,130,4,-1
-1411,-1967,139,11,0
-1314,-1984,151,11,0
-1270,-1999,153,8,0
-1188,-2065,156,11,0
-1138,-2123,158,11,0
-1077,-2057,151,11,0
-1123,-1976,142,11,0
-1241,-1747,160,11,0
-1264,-1675,167,11,0
-1251,-1547,210,11,0
-1316,-1747,253,11,0
-1395,-1687,252,11,0
-1510,-1548,249,11,0
-1596,-2037,134,4,1
-1657,-2035,136,4,1
-1656,-2152,137,4,0
-1593,-2151,132,4,-1
-1464,-1965,134,8,0
-1667,-1970,137,8,0
-1598,-2035,134,4,1
-1598,-1988,132,4,0
-1632,-1985,134,4,0
-1635,-2034,142,4,-1
-1668,-2017,137,8,0
-1666,-2252,126,8,0
-1614,-2251,126,8,0
-1818,-2127,137,4,1
-1815,-1984,137,4,0
-1836,-1981,141,4,0
-1837,-1926,137,4,0
-1897,-1926,137,4,0
-1900,-1985,146,4,0
-1933,-1986,137,4,0
-1930,-2130,137,4,-1
-2038,-2224,136,8,0
-1784,-2221,133,8,0
-1697,-2136,137,8,0
-1697,-1898,143,8,0
-2119,-1899,144,8,0
-2116,-2219,135,8,0
-2072,-2223,136,8,0
-2066,-2198,136,8,0
-2122,-2386,123,4,1
-2142,-2384,123,4,0
-2146,-2400,124,4,0
-2131,-2405,124,4,-1
-2023,-2069,138,4,1
-2022,-1988,137,4,0
-2073,-1987,137,4,0
-2072,-2069,137,4,-1
-2640,-3353,20,3,0
-2656,-3359,21,3,0
-2721,-3352,20,3,0
-2735,-3399,20,3,0
-2782,-3387,19,4,1
-2794,-3454,19,4,0
-2907,-3430,22,4,0
-2893,-3366,19,4,-1
-2740,-3441,21,3,0
-2744,-3503,22,3,0
-2727,-3538,21,4,1
-2728,-3550,21,4,0
-2714,-3555,23,4,0
-2709,-3542,24,4,-1
-2766,-3512,19,3,0
-2750,-3409,19,3,0
-2677,-3414,24,4,1
-2697,-3506,24,4,0
-2597,-3526,26,4,0
-2583,-3456,24,4,0
-2635,-3445,24,4,0
-2625,-3425,24,4,-1
-2617,-3357,21,3,0
-2457,-3393,26,3,0
-2455,-3490,28,3,0
-2421,-3544,30,4,1
-2342,-3542,30,4,0
-2345,-3465,32,4,0
-2422,-3463,29,4,-1
-2962,-3331,20,3,0
-2968,-3363,21,3,0
-3060,-3254,17,4,1
-3060,-3113,15,4,0
-2976,-3115,15,4,0
-2976,-3254,12,4,0
-2996,-3255,14,4,0
-2998,-3277,14,4,0
-3055,-3275,15,4,-1
-3095,-3078,14,4,1
-3129,-3072,14,4,0
-3135,-3138,15,4,0
-3102,-3142,16,4,-1
-3028,-3052,14,3,0
-2932,-3075,16,3,0
-3298,-2943,19,4,1
-3300,-2912,18,4,1
-3331,-2912,19,4,0
-3332,-2948,18,4,-1
-3673,-2671,14,6,1
-3643,-2838,14,6,0
-3611,-2995,22,6,0
-3494,-3137,14,6,0
-3373,-3286,13,6,0
-3315,-3338,13,6,0
-3213,-3413,14,6,0
-3259,-3460,14,6,0
-3454,-3507,16,6,0
-3562,-3323,18,6,0
-3560,-3253,20,6,0
-3613,-3284,25,6,0
-3836,-2674,171,6,0
-3777,-2519,13,6,-1
-3760,-2466,15,7,0
-3621,-2684,21,7,0
-2909,-2108,95,6,1
-2912,-2141,91,6,0
-2957,-2154,94,6,0
-3033,-2140,88,6,0
-3055,-2082,92,6,0
-3119,-1987,92,6,0
-3255,-1888,92,6,0
-3323,-1829,91,6,0
-3288,-1774,92,6,0
-3170,-1872,92,6,0
-3082,-1978,92,6,0
-3031,-2027,92,6,-1
-3324,-1940,92,6,1
-3420,-2026,93,6,0
-3470,-2047,92,6,0
-3624,-2028,92,6,0
-3693,-2081,92,6,0
-3718,-2084,93,6,0
-3731,-2049,92,6,0
-3714,-2038,91,6,0
-3691,-2015,91,6,0
-3686,-2002,91,6,0
-3695,-1988,92,6,0
-3721,-1980,92,6,0
-3752,-1964,92,6,0
-3751,-1940,92,6,0
-3727,-1927,90,6,0
-3730,-1879,92,6,0
-3739,-1821,91,6,0
-3736,-1779,90,6,0
-3760,-1722,92,6,0
-3784,-1688,92,6,0
-3832,-1671,92,6,0
-3856,-1664,94,6,0
-3864,-1641,99,6,0
-3841,-1633,92,6,0
-3818,-1644,91,6,0
-3801,-1633,92,6,0
-3771,-1613,90,6,0
-3757,-1618,91,6,0
-3759,-1643,89,6,0
-3763,-1671,91,6,0
-3755,-1692,92,6,0
-3732,-1720,92,6,0
-3711,-1760,92,6,0
-3711,-1760,92,6,0
-3688,-1798,90,6,0
-3681,-1840,91,6,0
-3678,-1895,91,6,0
-3654,-1949,91,6,0
-3612,-1965,92,6,0
-3559,-1984,93,6,0
-3514,-1999,91,6,0
-3457,-1987,92,6,0
-3402,-1946,91,6,0
-3378,-1913,88,6,0
-3350,-1929,88,6,0
-3333,-1943,91,6,-1
-3390,-1890,92,6,1
-3353,-1895,91,6,0
-3322,-1885,91,6,0
-3308,-1857,91,6,0
-3337,-1796,92,6,0
-3387,-1772,93,6,0
-3399,-1740,90,6,0
-3389,-1713,91,6,0
-3389,-1649,92,6,0
-3381,-1605,91,6,0
-3378,-1584,91,6,0
-3387,-1576,91,6,0
-3387,-1576,91,6,0
-3429,-1553,93,6,0
-3438,-1529,92,6,0
-3416,-1522,92,6,0
-3388,-1530,91,6,0
-3364,-1521,92,6,0
-3337,-1522,91,6,0
-3307,-1527,92,6,0
-3290,-1547,91,6,0
-3298,-1559,91,6,0
-3316,-1571,90,6,0
-3332,-1605,92,6,0
-3342,-1649,90,6,0
-3332,-1697,91,6,0
-3315,-1729,92,6,0
-3298,-1772,90,6,0
-3261,-1811,90,6,0
-3223,-1848,89,6,0
-3187,-1871,90,6,0
-3198,-1916,90,6,0
-3232,-1895,91,6,0
-3262,-1877,90,6,0
-3292,-1915,91,6,0
-3333,-1939,91,6,-1
-3363,-1966,92,6,1
-3395,-1989,90,6,0
-3421,-1968,91,6,0
-3398,-1935,92,6,0
-3380,-1890,90,6,0
-3348,-1897,90,6,0
-3321,-1878,92,6,0
-3291,-1874,91,6,0
-3274,-1888,91,6,0
-3298,-1916,90,6,0
-3335,-1941,91,6,-1
-1656,-4510,61,8,0
-1807,-4510,61,8,0
-1811,-5065,61,8,0
-1799,-5158,72,4,1
-1708,-5169,61,4,0
-1708,-5323,61,4,0
-1805,-5320,61,4,-1
-1806,-5087,61,8,0
-1807,-5170,60,8,0
-1807,-5170,60,11,0
-760,-4869,34,3,0
-826,-4786,34,3,0
-958,-4738,34,3,0
-1325,-4908,31,4,1
-1370,-4906,31,4,0
-1370,-4987,32,4,0
-1326,-4988,31,4,-1
-1386,-5803,31,8,0
-1382,-5883,31,8,0
-1166,-5882,31,8,0
-650,-5882,31,8,0
-652,-5886,31,4,1
-647,-5789,31,4,0
-458,-5791,32,4,0
-456,-5837,32,4,0
-502,-5839,31,4,0
-502,-5889,31,4,-1
-77,-5984,32,3,0
-190,-5935,33,3,0
-292,-5945,33,3,0
-378,-5998,33,3,0
-436,-6100,33,3,0
-440,-6195,33,3,0
-402,-6285,33,3,0
-366,-6326,33,3,0
-310,-6362,32,3,0
-231,-6379,33,3,0
-164,-6373,33,3,0
-91,-6339,33,3,0
-25,-6266,33,3,0
3,-6169,33,3,0
-12,-6076,33,3,0
-86,-5978,27,3,0
23,-6475,31,4,1
-22,-6472,31,4,0
-25,-6552,31,4,0
22,-6553,31,4,-1
643,-5080,61,2,1
654,-5225,61,2,0
645,-5768,61,2,0
842,-5762,61,2,0
842,-5228,61,2,0
840,-5044,61,2,-1
654,-5765,61,2,1
552,-5762,61,2,0
558,-5832,61,2,0
648,-5845,61,2,0
652,-5918,61,2,0
705,-6860,60,2,0
840,-6857,61,2,0
839,-5752,61,2,-1
704,-6855,60,2,1
674,-6998,61,2,0
626,-7108,60,2,0
541,-7157,61,2,0
442,-7155,61,2,0
413,-7143,60,2,0
402,-7117,61,2,0
404,-6994,59,2,0
522,-6997,61,2,0
519,-6598,61,2,0
285,-6598,61,2,0
283,-6999,61,2,0
320,-7001,61,2,0
315,-7138,60,2,0
289,-7153,60,2,0
262,-7159,59,2,0
260,-7237,61,2,0
851,-7231,60,2,0
840,-6849,61,2,-1
621,-7253,60,2,1
680,-7309,59,2,0
696,-7351,60,2,0
699,-7384,62,2,0
685,-7435,65,2,0
627,-7519,72,2,0
419,-7638,102,2,0
399,-7637,104,2,0
442,-7776,109,2,0
623,-7671,82,2,0
672,-7670,75,2,0
873,-7653,62,2,0
852,-7227,61,2,-1
851,-7211,60,2,1
851,-7211,60,2,0
540,-7216,60,2,0
541,-7237,61,2,0
643,-7266,60,2,0
674,-7301,60,2,0
693,-7337,60,2,0
697,-7359,61,2,0
854,-7349,61,2,0
852,-7307,61,2,-1
639,-7670,80,2,0
693,-7675,71,2,1
729,-7724,66,2,0
754,-7822,61,2,0
775,-8091,61,2,0
820,-8416,61,2,0
867,-8742,61,2,0
930,-9095,61,2,0
1060,-9083,61,2,0
1020,-8870,61,2,0
990,-8670,60,2,0
910,-8101,61,2,0
869,-7600,62,2,-1
-2881,-3937,21,7,0
-2902,-3724,38,7,0
9,-3940,72,2,1
329,-4152,61,2,0
555,-4313,61,2,0
691,-4457,61,2,0
725,-4509,61,2,0
585,-4563,61,2,0
507,-4456,61,2,0
399,-4398,61,2,0
132,-4373,61,2,0
-64,-4381,61,2,0
-78,-4298,60,2,0
-78,-4298,60,2,0
30,-4238,60,2,0
42,-4206,60,2,0
21,-4132,61,2,0
21,-4132,61,2,0
5,-4116,62,2,0
-72,-4051,66,2,0
-144,-3968,71,2,0
-212,-3788,74,2,0
-215,-3752,74,2,-1
50,-3981,69,2,1
276,-4119,60,2,0
456,-4234,61,2,0
592,-4348,61,2,0
592,-4348,61,2,0
498,-4446,61,2,0
386,-4393,61,2,0
-207,-4401,61,2,0
-476,-4436,61,2,0
-616,-4375,60,2,0
-616,-4375,60,2,0
-148,-4309,61,2,0
28,-4240,61,2,0
44,-4195,61,2,0
21,-4125,61,2,0
-61,-4059,66,2,-1
-3627,-4021,231,8,0
-3627,-4021,231,8,0
-3549,-3891,268,8,0
-3444,-3941,260,8,0
-3349,-4008,237,8,0
-3250,-4105,243,8,0
-2617,-4899,196,9,0
-2551,-4704,186,9,0
-3349,-4008,237,8,0
-3250,-4105,243,8,0
-2302,-5191,118,9,0
-2472,-5096,118,9,0
1180,-4629,13,6,1
1072,-4674,12,6,0
1040,-4780,14,6,0
1040,-4780,14,6,0
1002,-4870,13,6,0
1022,-5016,13,6,0
1089,-5104,13,6,0
1205,-5122,13,6,0
1270,-5148,12,6,0
1294,-5130,13,6,0
1287,-5080,12,6,0
1275,-4991,12,6,0
1270,-4940,12,6,0
1269,-4896,11,6,0
1271,-4876,13,6,0
1260,-4859,12,6,0
1266,-4847,12,6,0
1296,-4847,12,6,0
1323,-4819,12,6,0
1377,-4757,12,6,0
1408,-4757,12,6,0
1593,-4669,12,6,0
1594,-4499,13,6,0
1509,-4477,13,6,0
1509,-4477,13,6,0
1477,-4613,13,6,0
1436,-4661,12,6,0
1368,-4718,13,6,0
1296,-4724,13,6,0
1234,-4701,12,6,0
1221,-4679,13,6,-1
1038,-4547,77,10,1
1159,-4550,104,10,0
1286,-4622,56,10,0
1373,-4662,90,10,0
1444,-4777,153,10,0
1441,-4944,113,10,0
1482,-5039,133,10,0
1524,-5047,126,10,0
1524,-5047,126,10,0
1643,-4990,131,10,0
1872,-5048,20,10,0
1888,-5227,25,10,0
1948,-5226,29,10,0
1948,-5226,29,10,0
2050,-5041,56,10,0
1987,-5018,31,10,0
1862,-4952,69,10,0
1838,-4918,79,10,0
1765,-4901,103,10,0
1765,-4901,103,10,0
1560,-4842,141,10,0
1560,-4842,141,10,0
1814,-4815,61,10,0
1883,-4831,41,10,0
1908,-4823,36,10,0
1957,-4783,15,10,0
1957,-4783,15,10,0
1958,-4756,16,10,0
1916,-4690,16,10,0
1898,-4648,20,10,0
1761,-4637,65,10,0
1761,-4637,65,10,0
1868,-4619,56,10,0
1868,-4601,55,10,0
1815,-4581,62,10,0
1766,-4552,53,10,0
1715,-4556,53,10,0
1748,-4493,20,10,0
1668,-4485,47,10,0
1644,-4553,48,10,0
1600,-4627,107,10,0
1600,-4627,107,10,0
1570,-4686,117,10,0
1570,-4686,117,10,0
1448,-4580,92,10,0
1427,-4521,56,10,0
1371,-4525,54,10,0
1371,-4525,54,10,0
1221,-4398,41,10,0
1221,-4398,41,10,0
1081,-4426,87,10,-1
1296,-5240,23,10,1
1324,-5322,12,10,0
1281,-5374,26,10,0
1224,-5377,59,10,0
1200,-5333,67,10,0
1191,-5247,53,10,-1
1152,-5309,82,10,1
1095,-5318,96,10,0
1059,-5344,101,10,0
1048,-5374,102,10,0
1065,-5415,106,10,0
1120,-5452,103,10,0
1151,-5463,95,10,0
1195,-5440,78,10,0
1201,-5396,75,10,-1
1165,-5513,87,10,1
1165,-5513,87,10,0
1063,-5435,106,10,0
1063,-5435,106,10,0
1004,-5441,81,10,0
998,-5468,83,10,0
1013,-5495,92,10,0
1039,-5534,99,10,0
1039,-5534,99,10,0
1010,-5591,85,10,0
1034,-5723,64,10,0
1074,-5716,74,10,0
1102,-5658,96,10,0
1176,-5652,84,10,0
1176,-5652,84,10,0
1176,-5620,81,10,0
1165,-5564,86,10,-1
1234,-5403,55,10,1
1221,-5460,63,10,0
1230,-5546,61,10,0
1292,-5577,47,10,0
1292,-5577,47,10,0
1322,-5546,24,10,0
1332,-5507,20,10,0
1331,-5397,18,10,0
1331,-5397,18,10,0
1297,-5381,21,10,-1
1239,-5570,58,10,1
1239,-5570,58,10,0
1252,-5697,57,10,0
1300,-5693,38,10,0
1316,-5692,33,10,0
1318,-5650,29,10,0
1313,-5599,28,10,0
1286,-5577,50,10,0
1257,-5567,55,10,-1
1105,-5688,90,10,1
1097,-5715,81,10,0
1099,-5862,67,10,0
1099,-5862,67,10,0
1108,-5873,68,10,0
1185,-5835,89,10,0
1202,-5832,91,10,0
1221,-5776,85,10,0
1229,-5709,69,10,0
1203,-5675,76,10,0
1155,-5683,92,10,0
1135,-5683,95,10,0
1122,-5680,93,10,-1
1347,-5710,34,10,1
1279,-5718,48,10,0
1279,-5718,48,10,0
1254,-5832,71,10,0
1246,-5882,73,10,0
1246,-5882,73,10,0
1280,-5959,66,10,0
1346,-5947,56,10,0
1379,-5907,57,10,0
1379,-5907,57,10,0
1394,-5874,50,10,0
1366,-5861,45,10,0
1378,-5771,34,10,0
1389,-5749,31,10,-1
1444,-5676,23,10,1
1444,-5676,23,4,1
1409,-5697,22,10,0
1396,-5760,33,10,0
1383,-5850,43,10,0
1396,-5852,48,10,0
1409,-5856,49,10,0
1434,-5847,49,10,0
1434,-5847,49,10,0
1471,-5842,43,10,0
1528,-5718,20,10,0
1514,-5697,20,10,-1
1504,-6269,53,10,1
1467,-6249,53,10,0
1467,-6249,53,10,0
1368,-6166,52,10,0
1294,-6197,59,10,0
1294,-6197,59,10,0
1285,-6206,60,10,0
1303,-6236,51,10,0
1326,-6235,48,10,0
1323,-6259,48,10,0
1323,-6259,48,10,0
1319,-6297,50,10,0
1345,-6315,47,10,0
1345,-6315,47,10,0
1359,-6351,47,10,0
1359,-6351,47,10,0
1371,-6352,48,10,0
1362,-6367,47,10,0
1384,-6376,48,10,0
1416,-6357,46,10,0
1422,-6339,47,10,0
1422,-6339,47,10,0
1447,-6349,47,10,0
1461,-6334,46,10,0
1505,-6273,53,10,0
1474,-6256,54,10,-1
1863,-6829,28,11,0
1803,-6818,57,11,0
1807,-6612,54,11,0
1870,-6598,21,11,0
1240,-4263,13,6,0
1240,-4263,13,6,0
1326,-4416,13,6,0
1412,-4373,13,6,0
1471,-4391,13,6,0
1518,-4500,13,6,0
1600,-4507,13,6,0
1679,-4459,21,6,0
1679,-4459,21,6,0
1822,-4539,13,6,0
1861,-4574,23,6,0
1895,-4643,20,6,0
1927,-4693,12,6,0
1947,-4724,10,6,0
1974,-4774,15,6,0
1924,-4815,17,6,0
1903,-4861,12,6,0
1879,-4963,13,6,0
1958,-4995,24,6,0
2053,-5039,56,6,0
1996,-5152,39,6,0
1955,-5223,36,6,0
1873,-5226,21,6,0
1864,-5185,16,6,0
1864,-5185,16,6,0
1798,-5178,13,6,0
1798,-5178,13,6,0
1725,-5237,13,6,0
1603,-5378,11,6,0
1541,-5257,12,6,0
1414,-5200,12,6,0
1404,-5217,10,6,0
1415,-5252,8,6,0
1379,-5257,7,6,0
1379,-5257,7,6,0
1344,-5336,12,6,0
1426,-5369,12,6,0
1426,-5369,12,6,0
1411,-5463,12,6,0
1375,-5569,13,6,0
1451,-5652,13,6,0
1522,-5676,9,6,0
1541,-5699,12,6,0
1541,-5699,12,6,0
1599,-5683,12,6,0
1689,-5722,13,6,0
1689,-5722,13,6,0
1730,-5754,13,6,0
1748,-5789,13,6,0
1788,-5807,13,6,0
1824,-5850,13,6,0
1838,-5911,12,6,0
1917,-5957,12,6,0
1917,-5957,12,6,0
1964,-5969,13,6,0
1990,-6024,12,6,0
2014,-6030,13,6,0
2034,-6042,13,6,0
2029,-6076,11,6,0
2014,-6096,11,6,0
1992,-6125,11,6,0
1877,-6218,13,6,0
1902,-6230,13,6,0
1938,-6215,13,6,0
1938,-6215,13,6,0
1955,-6239,12,6,0
1953,-6283,13,6,0
1937,-6336,13,6,0
1891,-6388,13,6,0
1819,-6465,13,6,0
1819,-6465,13,6,0
1838,-6511,13,6,0
1838,-6511,13,6,0
1865,-6550,14,6,0
1875,-6565,12,6,0
1873,-6598,18,6,0
1873,-6841,22,6,0
1873,-6918,12,6,0
1879,-6974,12,6,0
1876,-7067,14,6,0
1863,-7150,11,6,0
1797,-7325,11,6,0
1782,-7422,12,6,0
1788,-7597,13,6,0
1818,-7677,13,6,0
1825,-7731,13,6,0
1825,-7731,13,6,0
1795,-7825,13,6,0
1725,-7922,13,6,0
1699,-7982,13,6,0
1618,-8117,13,6,0
1618,-8117,13,6,0
1626,-8161,12,6,0
1521,-8168,13,6,0
1521,-8168,13,6,0
1530,-8398,13,6,0
1530,-8398,13,6,0
1512,-8435,13,6,0
1409,-8392,13,6,0
1409,-8392,13,6,0
1272,-8431,13,6,0
1262,-8489,13,6,0
1295,-8573,12,6,0
1279,-8625,13,6,0
1309,-8713,12,6,0
1494,-8869,13,6,0
1494,-8869,13,6,0
1513,-8914,12,6,0
1528,-8925,12,6,0
1545,-8920,12,6,0
1619,-8951,12,6,0
1619,-8951,12,6,0
1720,-9049,13,6,0
1834,-9218,13,6,0
1834,-9218,13,1,0
1596,-9276,37,1,0
1360,-9336,46,1,0
1357,-9347,46,1,0
1300,-9359,47,1,0
1300,-9359,47,1,0
1293,-9354,48,1,0
962,-9439,61,1,0
618,-9514,120,1,0
619,-9073,120,1,0
-70,676,12,6,1
-141,898,13,6,0
-141,898,13,6,0
-235,824,13,6,0
-182,649,14,6,0
-182,649,14,6,0
-156,588,13,6,0
-102,604,13,6,0
-67,681,15,6,-1
-99,347,14,6,1
-99,347,14,6,0
-154,365,13,6,0
-184,379,14,6,0
-218,364,14,6,0
-213,243,13,6,0
-213,243,13,6,0
-227,163,12,6,0
-227,163,12,6,0
-251,100,13,6,0
-268,35,12,6,0
-273,-9,13,6,0
-259,-66,12,6,0
-240,-88,13,6,0
-215,-93,13,6,0
-198,-86,13,6,0
-179,-73,12,6,0
-165,-52,13,6,0
-154,-21,12,6,0
-145,18,13,6,0
-130,82,14,6,0
-112,169,13,6,0
-92,325,12,6,-1
354,420,68,11,0
427,576,98,11,0
427,576,98,11,0
460,721,136,11,0
475,868,115,11,0
475,868,115,11,0
461,976,110,11,0
482,1028,105,11,0
479,1062,113,11,0
550,1175,150,11,0
550,1175,150,11,0
577,1303,168,11,0
575,1347,166,11,0
603,1384,172,11,0
-2014,-6317,61,4,1
-2013,-7024,61,4,0
-1706,-7021,73,4,0
-1702,-6314,61,4,-1
-1855,-6096,60,8,0
-2022,-6097,61,8,0
-2023,-6105,61,8,0
-2010,-6106,62,8,0
-2010,-6314,61,8,0
-1150,-6015,32,3,0
-1182,-6081,32,11,0
-1191,-6158,32,3,0
-1165,-6251,32,3,0
-1127,-6302,32,3,0
-1081,-6338,32,3,0
-988,-6368,32,3,0
-918,-6363,31,3,0
-856,-6338,32,3,0
-812,-6306,32,3,0
-782,-6270,32,3,0
-745,-6166,32,3,0
-785,-6016,32,3,0
-890,-5936,32,3,0
-1014,-5927,32,3,0
-1082,-5953,32,3,0
-1125,-5986,32,3,0
-1845,-6107,60,8,0
-1715,-6104,61,8,0
-1718,-5906,61,8,0
-1753,-4997,61,4,1
-1745,-4907,61,4,0
-1680,-4910,62,4,0
-1682,-4999,62,4,-1
-1716,-5458,61,8,0
-1718,-5851,62,8,0
-1143,-6582,32,3,0
-1177,-6665,32,3,0
-1173,-6757,32,3,0
-1134,-6840,32,3,0
-1051,-6907,32,3,0
-943,-6928,32,3,0
-840,-6895,32,3,0
-770,-6828,32,3,0
-737,-6747,32,3,0
-738,-6658,32,3,0
-772,-6578,32,3,0
-873,-6497,32,3,0
-1004,-6486,32,3,0
-1091,-6526,32,3,0
-1152,-6597,32,3,0
-1179,-6690,32,3,0
-1333,-6796,31,4,1
-1375,-6795,31,4,0
-1373,-6715,31,4,0
-1329,-6719,31,4,-1
-1167,-6246,32,3,0
-1190,-6122,32,3,0
-1150,-6017,32,3,0
-1099,-5965,32,3,0
-1324,-6056,34,4,1
-1372,-6054,41,4,0
-1371,-6134,42,4,0
-1324,-6137,31,4,-1
-444,-6656,32,3,0
-443,-6755,32,3,0
-389,-6856,32,3,0
-271,-6922,32,3,0
-166,-6918,32,3,0
-89,-6879,32,3,0
-33,-6817,32,3,0
-7,-6753,32,3,0
-7,-6655,32,3,0
-57,-6556,32,3,0
-104,-6516,32,3,0
-174,-6486,32,3,0
-247,-6481,32,3,0
-367,-6530,32,3,0
-417,-6587,32,3,0
-441,-6643,32,3,0
-449,-6706,32,3,0
-532,-6882,31,4,1
-529,-6963,32,4,0
-482,-6962,31,4,0
-485,-6883,31,4,-1
-582,-7123,61,8,0
103,-7122,61,8,0
275,-7157,61,2,0
-642,-7159,60,2,0
-609,-7236,61,2,0
305,-7234,61,2,-1
-177,-7240,60,2,1
-203,-7265,60,2,0
-214,-7291,60,2,0
-211,-7323,61,2,0
-132,-7323,61,2,0
-133,-7594,61,2,0
-614,-7593,61,2,0
-614,-7327,61,2,0
-306,-7322,60,2,0
-306,-7294,60,2,0
-313,-7271,60,2,0
-329,-7251,60,2,0
-358,-7234,60,2,-1
158,-7124,61,8,0
272,-7126,63,8,0
272,-6598,61,8,0
-625,-7271,61,4,1
-1331,-7273,61,4,0
-1330,-7580,61,4,0
-626,-7579,61,4,-1
-1542,-7234,61,2,1
-1545,-7157,61,2,0
-602,-7158,61,2,0
-606,-7236,61,2,-1
-1494,-7154,61,2,1
-1519,-7123,61,2,0
-1519,-7123,61,2,0
-1540,-6501,61,2,0
-1617,-6499,61,2,0
-1622,-7083,61,2,0
-1644,-7129,61,2,0
-1673,-7158,60,2,-1
-1672,-7158,61,2,1
-1672,-7158,61,2,0
-1797,-7139,60,2,0
-1797,-7139,60,2,0
-1822,-7042,61,2,0
-1913,-7050,61,2,0
-1913,-7050,61,2,0
-1913,-7092,61,2,0
-1915,-7235,61,2,0
-1915,-7235,61,2,0
-1796,-7236,61,2,0
-1758,-7251,61,2,0
-1735,-7323,59,2,0
-1735,-7323,59,2,0
-1812,-7593,61,2,0
-1342,-7591,61,2,0
-1345,-7323,61,2,0
-1643,-7319,61,2,0
-1640,-7283,60,2,0
-1629,-7263,60,2,0
-1629,-7263,60,2,0
-1605,-7243,61,2,0
-1573,-7235,61,2,0
-1444,-7236,61,2,0
-1443,-7158,61,2,0
-1473,-7157,61,2,-1
-1514,-6923,61,8,0
-1508,-7129,62,8,0
-1427,-7128,62,8,0
-1542,-4535,60,2,1
-1537,-4503,60,2,0
-1537,-4503,60,2,0
-1523,-4481,60,2,0
-1454,-4453,60,2,0
-1454,-4453,60,2,0
-1674,-4433,61,2,0
-1674,-4433,61,2,0
-1630,-4484,60,2,0
-1620,-4504,60,2,0
-1618,-4542,61,2,0
-1617,-6504,61,2,0
-1539,-6496,61,2,-1
-1619,-6073,60,2,1
-1634,-6099,60,2,0
-1634,-6099,60,2,0
-1699,-6122,60,2,0
-1907,-6126,61,2,0
-1906,-6305,61,2,0
-1711,-6300,60,2,0
-1711,-6300,60,2,0
-1704,-6214,61,2,0
-1654,-6220,60,2,0
-1633,-6236,60,2,0
-1622,-6254,60,2,0
-1617,-6286,60,2,-1
-2003,-7028,61,8,0
-2007,-7425,63,8,0
-1792,-7761,119,2,1
-443,-7761,120,2,0
-57,-7758,119,2,0
332,-7699,110,2,0
511,-7612,88,2,0
511,-7612,88,2,0
377,-7788,112,2,0
297,-7914,120,2,0
265,-7906,120,2,0
245,-7878,119,2,0
197,-7848,118,2,0
197,-7848,118,2,0
-1770,-7846,120,2,0
-1788,-7761,119,2,-1
12,-5989,31,4,1
12,-5912,31,4,0
-35,-5913,38,4,0
-34,-5991,31,4,-1
-1555,-7914,120,8,0
-1596,-7889,122,8,0
-3122,-7893,166,8,0
-3268,-7874,169,2,1
-1937,-7875,120,2,0
-1670,-7853,120,2,0
-1630,-7759,120,2,0
-2250,-7750,127,2,0
-2729,-7757,151,2,0
-3049,-7752,166,2,0
-3149,-7749,168,2,-1
-1494,-7916,120,8,0
-1458,-7891,120,8,0
-806,-7891,120,8,0
327,-8755,122,4,1
590,-8753,121,4,0
586,-8253,120,4,0
331,-8257,134,4,-1
319,-7889,120,2,1
521,-7725,99,2,0
689,-7673,72,2,0
627,-7584,75,2,0
244,-7735,113,2,0
261,-7892,120,2,0
261,-7892,120,2,-1
303,-7904,120,2,0
254,-7893,122,8,0
-734,-7894,122,8,0
-688,-7847,120,2,1
-725,-7859,120,2,0
-753,-7895,119,2,0
-750,-8032,119,2,0
237,-8012,120,2,0
264,-7899,120,2,0
319,-7905,120,2,0
319,-7905,120,2,0
257,-8116,120,2,0
187,-8119,120,2,0
-701,-8124,117,2,0
-837,-8134,119,2,0
-796,-7893,120,2,0
-796,-7893,120,2,0
-842,-7844,120,2,-1
336,-7894,120,8,0
594,-7886,120,8,0
900,-8974,61,2,1
1019,-9518,61,2,0
1124,-9920,61,2,0
1189,-9841,62,2,0
1229,-9802,61,2,0
1033,-8945,61,2,-1
619,-9008,120,8,0
619,-8607,120,8,0
843,-7406,61,7,0
1300,-6640,32,7,0
1792,-6536,23,7,0
-2421,-2495,138,10,1
-2378,-2438,129,10,0
-2341,-2434,123,10,0
-2316,-2430,122,10,0
-2295,-2430,122,10,0
-2288,-2438,121,10,0
-2280,-2461,118,10,0
-2274,-2474,115,10,0
-2281,-2512,107,10,0
-2307,-2548,97,10,0
-2325,-2593,82,10,0
-2362,-2598,78,10,-1
-699,-3667,18,6,1
-745,-3592,11,6,0
-623,-3416,13,6,0
-337,-3460,21,6,0
-220,-3459,75,6,0
-221,-3613,75,6,0
-269,-3614,32,6,0
-364,-3764,12,6,0
-404,-3774,13,6,0
-404,-3774,13,6,0
-440,-3726,12,6,0
-483,-3735,12,6,0
-704,-3890,11,6,-1
-1372,-5495,35,4,1
-1372,-5575,31,4,0
-1324,-5572,31,4,0
-1323,-5493,31,4,0
-1323,-5493,31,4,-1
-1516,-7603,63,8,0
-1320,-7601,61,8,0
-1320,-7601,61,15,0
-1320,-7601,61,15,0
-1320,-7601,61,17,1
-1320,-7601,61,17,1
-601,-8200,123,16,0
-599,-8954,121,16,0
-600,-9332,121,16,0
-601,-8928,121,16,0
-542,-9138,121,16,0
-517,-9229,121,16,0
-517,-9229,121,16,0
-507,-9563,121,16,0
-507,-9563,121,16,0
-508,-9401,118,16,0
-507,-8199,119,16,0
-508,-9349,121,16,0
-499,-9216,121,16,0
-450,-9059,121,16,0
-450,-9059,121,16,0
-416,-8924,121,16,0
-413,-8203,119,16,0
-413,-9337,120,16,0
-366,-9408,121,15,1
-185,-9406,121,15,0
-185,-8133,118,15,0
-367,-8136,120,15,-1
-162,-8202,121,16,0
-167,-9560,121,16,0
-143,-9415,120,15,1
40,-9411,120,15,0
38,-8140,120,15,0
-143,-8147,121,15,-1
63,-8209,121,16,0
60,-9557,121,16,0
87,-9408,121,15,1
267,-9417,120,15,0
266,-8138,120,15,0
88,-8142,121,15,-1
-1419,-7902,122,8,0
-1417,-9568,166,8,0
-1415,-9568,166,11,0
-551,-9565,120,11,0
-551,-9565,120,9,0
-467,-9565,118,9,0
-467,-9565,118,11,0
-191,-9565,120,11,0
-191,-9565,120,9,0
-136,-9565,120,9,0
-136,-9565,120,11,0
30,-9563,119,11,0
30,-9563,119,9,0
94,-9564,119,9,0
94,-9564,119,11,0
609,-9567,121,11,0
-3304,-7935,171,9,0
-3286,-7728,174,9,0
-3286,-7728,174,16,0
